[201701008@gicshpc1 ~]$ ./a.out DS/BMS_WebView_1.txt 1 13.5 16 5 5 1
TDB length: 149639, minimum-support: 1496, maximum-periodicity: 20201
1.23246, 1, 1.79576, 0.68632
1.23246, 2, 1.18237, 1.04237
1.23246, 3, 0.965282, 1.27679
1.23246, 4, 0.85709, 1.43796
1.23246, 5, 0.759076, 1.62364
1.23246, 6, 0.715185, 1.72328
1.23246, 7, 0.660678, 1.86546
1.23246, 8, 0.622132, 1.98104
1.23246, 9, 0.590127, 2.08847
1.23246, 10, 0.556686, 2.21393
1.23246, 11, 0.540828, 2.27885
1.23246, 12, 0.52465, 2.34912
1.23246, 13, 0.522391, 2.35928
1.23246, 14, 0.509419, 2.41936
1.23246, 15, 0.504691, 2.44202
1.23246, 16, 0.491357, 2.50829
#pfps: 13
Threads=[1, 2, 3, 4, 5, 6, 7, 8, 9, 10, 11, 12, 13, 14, 15, 16, ]
ts= [1.23246, 1.23246, 1.23246, 1.23246, 1.23246, 1.23246, 1.23246, 1.23246, 1.23246, 1.23246, 1.23246, 1.23246, 1.23246, 1.23246, 1.23246, 1.23246, ]
tp= [1.79576, 1.18237, 0.965282, 0.85709, 0.759076, 0.715185, 0.660678, 0.622132, 0.590127, 0.556686, 0.540828, 0.52465, 0.522391, 0.509419, 0.504691, 0.491357, ]
Speedup= [0.68632, 1.04237, 1.27679, 1.43796, 1.62364, 1.72328, 1.86546, 1.98104, 2.08847, 2.21393, 2.27885, 2.34912, 2.35928, 2.41936, 2.44202, 2.50829, ]
Eff= [0.68632, 0.521183, 0.425598, 0.359491, 0.324728, 0.287213, 0.266494, 0.247629, 0.232052, 0.221393, 0.207168, 0.19576, 0.181483, 0.172811, 0.162801, 0.156768, ]

[201701008@gicshpc1 ~]$ ./a.out DS/BMS_WebView_1.txt 0.01 13.5 16 5 5 1
TDB length: 149639, minimum-support: 14, maximum-periodicity: 20201
7.33445, 1, 7.82905, 0.936826
7.33445, 2, 4.51523, 1.62438
7.33445, 3, 3.37683, 2.172
7.33445, 4, 2.79552, 2.62365
7.33445, 5, 2.43584, 3.01106
7.33445, 6, 2.25089, 3.25847
7.33445, 7, 2.08286, 3.52134
7.33445, 8, 1.97551, 3.7127
7.33445, 9, 1.94213, 3.7765
7.33445, 10, 1.87847, 3.90448
7.33445, 11, 1.80201, 4.07016
7.33445, 12, 1.8164, 4.03791
7.33445, 13, 1.87768, 3.90613
7.33445, 14, 1.85635, 3.95102
7.33445, 15, 1.92223, 3.81559
7.33445, 16, 2.04968, 3.57833
#pfps: 277
Threads=[1, 2, 3, 4, 5, 6, 7, 8, 9, 10, 11, 12, 13, 14, 15, 16, ]
ts= [7.33445, 7.33445, 7.33445, 7.33445, 7.33445, 7.33445, 7.33445, 7.33445, 7.33445, 7.33445, 7.33445, 7.33445, 7.33445, 7.33445, 7.33445, 7.33445, ]
tp= [7.82905, 4.51523, 3.37683, 2.79552, 2.43584, 2.25089, 2.08286, 1.97551, 1.94213, 1.87847, 1.80201, 1.8164, 1.87768, 1.85635, 1.92223, 2.04968, ]
Speedup= [0.936826, 1.62438, 2.172, 2.62365, 3.01106, 3.25847, 3.52134, 3.7127, 3.7765, 3.90448, 4.07016, 4.03791, 3.90613, 3.95102, 3.81559, 3.57833, ]
Eff= [0.936826, 0.812191, 0.723999, 0.655911, 0.602212, 0.543079, 0.503048, 0.464087, 0.419612, 0.390448, 0.370014, 0.336493, 0.300471, 0.282216, 0.254373, 0.223646, ]

TDB length: 100000, minimum-support: 19, maximum-periodicity: 8000
159.178, 1, 167.546, 0.950054
159.178, 2, 115.19, 1.38187
159.178, 3, 97.9259, 1.62549
159.178, 4, 88.3474, 1.80173
159.178, 5, 87.022, 1.82917
159.178, 6, 84, 1.89498
159.178, 7, 82.2394, 1.93554
159.178, 8, 80.875, 1.9682
159.178, 9, 80.1743, 1.9854
159.178, 10, 80.233, 1.98394
159.178, 11, 79.7507, 1.99594
159.178, 12, 79.6786, 1.99775
159.178, 13, 79.5948, 1.99985
159.178, 14, 79.0055, 2.01477
159.178, 15, 78.9219, 2.01691
159.178, 16, 87.3853, 1.82156
#pfps: 50013
Threads=[1, 2, 3, 4, 5, 6, 7, 8, 9, 10, 11, 12, 13, 14, 15, 16, ]
ts= [159.178, 159.178, 159.178, 159.178, 159.178, 159.178, 159.178, 159.178, 159.178, 159.178, 159.178, 159.178, 159.178, 159.178, 159.178, 159.178, ]
tp= [167.546, 115.19, 97.9259, 88.3474, 87.022, 84, 82.2394, 80.875, 80.1743, 80.233, 79.7507, 79.6786, 79.5948, 79.0055, 78.9219, 87.3853, ]
Speedup= 0.
Eff= [0.950054, 0.690934, 0.541831, 0.450432, 0.365834, 0.315829, 0.276506, 0.246025, 0.2206, 0.198394, 0.181449, 0.166479, 0.153835, 0.143912, 0.13446, 0.113848, ]

[201701008@gicshpc1 ~]$ ./a.out DS/D100K.txt 0.1 8 16 1 1 1
TDB length: 100000, minimum-support: 100, maximum-periodicity: 8000
140.37, 1, 151.607, 0.925882
140.37, 2, 92.8395, 1.51197
140.37, 3, 77.4484, 1.81243
140.37, 4, 69.1439, 2.03012
140.37, 5, 66.8442, 2.09996
140.37, 6, 64.3948, 2.17984
140.37, 7, 63.3454, 2.21595
140.37, 8, 61.909, 2.26736
140.37, 9, 60.0379, 2.33803
140.37, 10, 58.6974, 2.39142
140.37, 11, 58.0007, 2.42015
140.37, 12, 58.6305, 2.39415
140.37, 13, 57.7483, 2.43072
140.37, 14, 57.5991, 2.43702
140.37, 15, 57.9288, 2.42315
140.37, 16, 65.3557, 2.14779
#pfps: 27439
Threads=[1, 2, 3, 4, 5, 6, 7, 8, 9, 10, 11, 12, 13, 14, 15, 16, ]
ts= [140.37, 140.37, 140.37, 140.37, 140.37, 140.37, 140.37, 140.37, 140.37, 140.37, 140.37, 140.37, 140.37, 140.37, 140.37, 140.37, ]
tp= [151.607, 92.8395, 77.4484, 69.1439, 66.8442, 64.3948, 63.3454, 61.909, 60.0379, 58.6974, 58.0007, 58.6305, 57.7483, 57.5991, 57.9288, 65.3557, ]
Speedup= [0.925882, 1.51197, 1.81243, 2.03012, 2.09996, 2.17984, 2.21595, 2.26736, 2.33803, 2.39142, 2.42015, 2.39415, 2.43072, 2.43702, 2.42315, 2.14779, ]
Eff= [0.925882, 0.755983, 0.604145, 0.507529, 0.419992, 0.363306, 0.316564, 0.28342, 0.259781, 0.239142, 0.220013, 0.199512, 0.186979, 0.174073, 0.161543, 0.134237, ]

TDB length: 100000
minSup: 0.05%, 50
maxPer: 2%, 2000
available threads: 16
110.866904  1 116.547374 0.951260 0.951260
110.866904  2 57.383574 1.932032 0.966016
110.866904  3 44.728424 2.478668 0.826223
110.866904  4 37.219321 2.978746 0.744687
110.866904  5 34.520356 3.211638 0.642328
110.866904  6 32.234007 3.439439 0.573240
110.866904  7 30.715104 3.609524 0.515646
110.866904  8 29.700015 3.732890 0.466611
110.866904  9 29.240270 3.791583 0.421287
110.866904 10 28.526647 3.886433 0.388643
110.866904 11 27.859304 3.979529 0.361775
110.866904 12 27.428225 4.042074 0.336839
110.866904 13 27.424573 4.042612 0.310970
110.866904 14 26.867597 4.126417 0.294744
110.866904 15 27.254837 4.067788 0.271186
110.866904 16 28.144343 3.939225 0.246202
#pfps: 4842
Threads=[1, 2, 3, 4, 5, 6, 7, 8, 9, 10, 11, 12, 13, 14, 15, 16, ]
ts= [110.867, 110.867, 110.867, 110.867, 110.867, 110.867, 110.867, 110.867, 110.867, 110.867, 110.867, 110.867, 110.867, 110.867, 110.867, 110.867, ]
tp= [116.547, 57.3836, 44.7284, 37.2193, 34.5204, 32.234, 30.7151, 29.7, 29.2403, 28.5266, 27.8593, 27.4282, 27.4246, 26.8676, 27.2548, 28.1443, ]
Speedup= [0.95126, 1.93203, 2.47867, 2.97875, 3.21164, 3.43944, 3.60952, 3.73289, 3.79158, 3.88643, 3.97953, 4.04207, 4.04261, 4.12642, 4.06779, 3.93923, ]
Eff= [0.95126, 0.966016, 0.826223, 0.744687, 0.642328, 0.57324, 0.515646, 0.466611, 0.421287, 0.388643, 0.361775, 0.336839, 0.31097, 0.294744, 0.271186, 0.246202, ]

[201701008@gicshpc1 tmp]$ ./a.out DS/D100K.txt 0.05 8 16 1 1 1
TDB length: 100000
minSup: 0.05%, 50
maxPer: 8%, 8000
available threads: 16

156.850892  1 171.571059 0.914204 0.914204
156.850892  2 112.224170 1.397657 0.698828
156.850892  3 96.675191 1.622452 0.540817
156.850892  4 86.461205 1.814119 0.453530
156.850892  5 81.986209 1.913138 0.382628
156.850892  6 78.802371 1.990434 0.331739
156.850892  7 77.226283 2.031056 0.290151
156.850892  8 75.358485 2.081397 0.260175
156.850892  9 76.300745 2.055693 0.228410
156.850892 10 74.790404 2.097206 0.209721
156.850892 11 74.660844 2.100845 0.190986
156.850892 12 75.376280 2.080905 0.173409
156.850892 13 74.340393 2.109901 0.162300
156.850892 14 73.657932 2.129450 0.152104
156.850892 15 75.629134 2.073948 0.138263
156.850892 16 82.196512 1.908243 0.119265
#pfps: 46874
Threads=[1, 2, 3, 4, 5, 6, 7, 8, 9, 10, 11, 12, 13, 14, 15, 16, ]
ts= [156.851, 156.851, 156.851, 156.851, 156.851, 156.851, 156.851, 156.851, 156.851, 156.851, 156.851, 156.851, 156.851, 156.851, 156.851, 156.851, ]
tp= [171.571, 112.224, 96.6752, 86.4612, 81.9862, 78.8024, 77.2263, 75.3585, 76.3007, 74.7904, 74.6608, 75.3763, 74.3404, 73.6579, 75.6291, 82.1965, ]
Speedup= [0.914204, 1.39766, 1.62245, 1.81412, 1.91314, 1.99043, 2.03106, 2.0814, 2.05569, 2.09721, 2.10085, 2.08091, 2.1099, 2.12945, 2.07395, 1.90824, ]
Eff= [0.914204, 0.698828, 0.540817, 0.45353, 0.382628, 0.331739, 0.290151, 0.260175, 0.22841, 0.209721, 0.190986, 0.173409, 0.1623, 0.152104, 0.138263, 0.119265, ]

[201701008@gicshpc1 tmp]$ ./a.out DS/pumsb.txt 94 0.1 16 1 1 1
TDB length: 49046
minSup: 94%, 46103
maxPer: 0.1%, 49
available threads: 16
107.351235  1 118.892861 0.902924 0.902924
107.351235  2 127.505162 0.841936 0.420968
107.351235  3 114.987964 0.933587 0.311196
107.351235  4 106.485078 1.008134 0.252034
107.351235  5 101.127384 1.061545 0.212309
107.351235  6 99.531999 1.078560 0.179760
107.351235  7 97.027618 1.106399 0.158057
107.351235  8 96.907246 1.107773 0.138472
107.351235  9 95.214848 1.127463 0.125274
107.351235 10 95.439194 1.124813 0.112481
107.351235 11 95.383354 1.125471 0.102316
107.351235 12 95.708320 1.121650 0.093471
107.351235 13 96.821320 1.108756 0.085289
107.351235 14 96.848308 1.108447 0.079175
107.351235 15 98.715308 1.087483 0.072499
107.351235 16 100.121045 1.072214 0.067013
#pfps: 350
Threads=[1, 2, 3, 4, 5, 6, 7, 8, 9, 10, 11, 12, 13, 14, 15, 16, ]
ts= [107.351, 107.351, 107.351, 107.351, 107.351, 107.351, 107.351, 107.351, 107.351, 107.351, 107.351, 107.351, 107.351, 107.351, 107.351, 107.351, ]
tp= [118.893, 127.505, 114.988, 106.485, 101.127, 99.532, 97.0276, 96.9072, 95.2148, 95.4392, 95.3834, 95.7083, 96.8213, 96.8483, 98.7153, 100.121, ]
Speedup= [0.902924, 0.841936, 0.933587, 1.00813, 1.06154, 1.07856, 1.1064, 1.10777, 1.12746, 1.12481, 1.12547, 1.12165, 1.10876, 1.10845, 1.08748, 1.07221, ]
Eff= [0.902924, 0.420968, 0.311196, 0.252034, 0.212309, 0.17976, 0.158057, 0.138472, 0.125274, 0.112481, 0.102316, 0.0934708, 0.0852889, 0.0791748, 0.0724989, 0.0670134, ]